## LogoData
# First column is position number, counting from zero
# Subsequent columns are raw symbol counts
# Entropy is mean entropy measured in nats.
# Low and High are the 95% confidence limits.
# Weight is the fraction of non-gap symbols in the column.
#	
#	A 	C 	D 	E 	F 	G 	H 	I 	K 	L 	M 	N 	P 	Q 	R 	S 	T 	V 	W 	Y 	- 	Entropy	Low	High	Weight
1 	0 	1 	0 	0 	0 	0 	0 	0 	0 	0 	0 	0 	0 	0 	0 	0 	0 	0 	0 	0 	2 	2.4080 		 	1.0000
2 	0 	1 	0 	0 	0 	0 	0 	0 	0 	0 	0 	0 	0 	0 	0 	0 	0 	0 	0 	0 	2 	2.4080 		 	1.0000
3 	0 	1 	0 	0 	0 	0 	0 	0 	0 	0 	0 	0 	0 	0 	0 	0 	0 	0 	0 	0 	2 	2.4080 		 	1.0000
4 	0 	0 	0 	0 	0 	0 	0 	0 	0 	0 	0 	0 	1 	0 	0 	0 	0 	0 	0 	0 	2 	2.4080 		 	1.0000
5 	0 	0 	0 	0 	0 	0 	0 	0 	0 	0 	0 	0 	1 	0 	0 	0 	0 	0 	0 	0 	2 	2.4080 		 	1.0000
6 	0 	0 	0 	0 	0 	0 	0 	0 	0 	0 	0 	0 	1 	0 	0 	0 	0 	0 	0 	0 	2 	2.4080 		 	1.0000
7 	0 	0 	0 	0 	0 	0 	0 	0 	0 	0 	0 	0 	1 	0 	0 	0 	0 	0 	0 	0 	2 	2.4080 		 	1.0000
8 	0 	0 	0 	0 	0 	0 	0 	0 	0 	0 	0 	0 	1 	0 	0 	0 	0 	0 	0 	0 	2 	2.4080 		 	1.0000
9 	0 	0 	0 	0 	0 	0 	0 	0 	0 	0 	0 	0 	1 	0 	0 	0 	0 	0 	0 	0 	2 	2.4080 		 	1.0000
10 	0 	0 	0 	0 	0 	0 	0 	0 	0 	0 	0 	0 	1 	0 	0 	0 	0 	0 	0 	0 	2 	2.4080 		 	1.0000
11 	0 	0 	0 	0 	0 	0 	0 	0 	0 	0 	0 	0 	1 	0 	0 	0 	0 	0 	0 	0 	2 	2.4080 		 	1.0000
12 	0 	1 	0 	0 	0 	0 	0 	0 	0 	0 	0 	0 	0 	0 	0 	0 	0 	0 	0 	0 	2 	2.4080 		 	1.0000
13 	0 	1 	0 	0 	0 	0 	0 	0 	0 	0 	0 	0 	0 	0 	0 	0 	0 	0 	0 	0 	2 	2.4080 		 	1.0000
14 	0 	1 	0 	0 	0 	1 	0 	0 	0 	0 	0 	0 	0 	0 	0 	0 	0 	0 	0 	0 	1 	1.9459 		 	1.0000
15 	0 	1 	0 	0 	0 	1 	0 	0 	0 	0 	0 	0 	0 	0 	0 	0 	0 	0 	0 	0 	1 	1.9459 		 	1.0000
16 	0 	1 	0 	0 	0 	1 	0 	0 	0 	0 	0 	0 	0 	0 	0 	0 	0 	0 	0 	0 	1 	1.9459 		 	1.0000
17 	0 	1 	0 	0 	0 	1 	0 	0 	0 	0 	0 	0 	0 	0 	0 	0 	0 	0 	0 	0 	1 	1.9459 		 	1.0000
18 	0 	1 	0 	0 	0 	0 	0 	0 	0 	0 	0 	0 	0 	0 	0 	0 	0 	0 	0 	0 	1 	2.3514 		 	0.6667
19 	0 	0 	0 	0 	0 	0 	0 	0 	0 	0 	0 	0 	0 	0 	1 	0 	0 	0 	0 	0 	1 	2.3514 		 	0.6667
20 	0 	0 	0 	0 	0 	0 	0 	0 	0 	0 	0 	0 	0 	0 	1 	0 	0 	0 	0 	0 	1 	2.3514 		 	0.6667
21 	0 	0 	0 	0 	0 	0 	0 	0 	0 	0 	0 	0 	0 	0 	1 	0 	0 	0 	0 	0 	1 	2.3514 		 	0.6667
22 	0 	0 	0 	0 	0 	0 	0 	0 	0 	0 	0 	0 	0 	0 	1 	0 	0 	0 	0 	0 	1 	2.3514 		 	0.6667
23 	0 	0 	0 	0 	0 	1 	0 	0 	0 	0 	0 	0 	0 	0 	1 	0 	0 	0 	0 	0 	1 	1.9459 		 	1.0000
24 	0 	0 	0 	0 	0 	1 	0 	0 	0 	0 	0 	0 	0 	0 	1 	0 	0 	0 	0 	0 	1 	1.9459 		 	1.0000
25 	0 	0 	0 	0 	0 	1 	0 	0 	0 	0 	0 	0 	0 	0 	1 	0 	0 	0 	0 	0 	1 	1.9459 		 	1.0000
26 	0 	0 	0 	0 	0 	0 	0 	0 	0 	0 	0 	0 	0 	0 	0 	0 	0 	3 	0 	0 	0 	3.0445 		 	1.0000
27 	0 	0 	0 	0 	0 	0 	0 	0 	0 	0 	0 	0 	0 	0 	0 	3 	0 	0 	0 	0 	0 	3.0445 		 	1.0000
28 	0 	0 	0 	0 	0 	0 	0 	0 	0 	3 	0 	0 	0 	0 	0 	0 	0 	0 	0 	0 	0 	3.0445 		 	1.0000
29 	0 	0 	0 	0 	0 	0 	0 	0 	0 	0 	0 	0 	0 	0 	0 	0 	3 	0 	0 	0 	0 	3.0445 		 	1.0000
30 	0 	0 	0 	0 	0 	0 	0 	0 	0 	3 	0 	0 	0 	0 	0 	0 	0 	0 	0 	0 	0 	3.0445 		 	1.0000
31 	3 	0 	0 	0 	0 	0 	0 	0 	0 	0 	0 	0 	0 	0 	0 	0 	0 	0 	0 	0 	0 	3.0445 		 	1.0000
32 	0 	0 	0 	0 	0 	0 	0 	0 	0 	3 	0 	0 	0 	0 	0 	0 	0 	0 	0 	0 	0 	3.0445 		 	1.0000
33 	0 	0 	0 	0 	0 	0 	0 	0 	0 	3 	0 	0 	0 	0 	0 	0 	0 	0 	0 	0 	0 	3.0445 		 	1.0000
34 	0 	0 	0 	0 	0 	0 	0 	0 	0 	3 	0 	0 	0 	0 	0 	0 	0 	0 	0 	0 	0 	3.0445 		 	1.0000
35 	0 	0 	0 	0 	0 	3 	0 	0 	0 	0 	0 	0 	0 	0 	0 	0 	0 	0 	0 	0 	0 	3.0445 		 	1.0000
36 	0 	0 	0 	0 	0 	3 	0 	0 	0 	0 	0 	0 	0 	0 	0 	0 	0 	0 	0 	0 	0 	3.0445 		 	1.0000
37 	0 	0 	0 	0 	0 	0 	0 	0 	0 	3 	0 	0 	0 	0 	0 	0 	0 	0 	0 	0 	0 	3.0445 		 	1.0000
38 	0 	0 	0 	0 	0 	0 	0 	0 	0 	0 	0 	0 	0 	0 	0 	0 	3 	0 	0 	0 	0 	3.0445 		 	1.0000
39 	0 	0 	0 	0 	0 	0 	0 	0 	0 	0 	3 	0 	0 	0 	0 	0 	0 	0 	0 	0 	0 	3.0445 		 	1.0000
40 	0 	0 	0 	0 	0 	3 	0 	0 	0 	0 	0 	0 	0 	0 	0 	0 	0 	0 	0 	0 	0 	3.0445 		 	1.0000
41 	0 	0 	0 	0 	0 	3 	0 	0 	0 	0 	0 	0 	0 	0 	0 	0 	0 	0 	0 	0 	0 	3.0445 		 	1.0000
42 	0 	0 	0 	0 	0 	0 	0 	3 	0 	0 	0 	0 	0 	0 	0 	0 	0 	0 	0 	0 	0 	3.0445 		 	1.0000
43 	3 	0 	0 	0 	0 	0 	0 	0 	0 	0 	0 	0 	0 	0 	0 	0 	0 	0 	0 	0 	0 	3.0445 		 	1.0000
44 	3 	0 	0 	0 	0 	0 	0 	0 	0 	0 	0 	0 	0 	0 	0 	0 	0 	0 	0 	0 	0 	3.0445 		 	1.0000
45 	0 	0 	0 	0 	0 	3 	0 	0 	0 	0 	0 	0 	0 	0 	0 	0 	0 	0 	0 	0 	0 	3.0445 		 	1.0000
46 	0 	0 	0 	0 	0 	0 	0 	0 	0 	0 	0 	0 	0 	0 	0 	0 	0 	3 	0 	0 	0 	3.0445 		 	1.0000
47 	1 	0 	0 	0 	0 	1 	0 	0 	0 	0 	0 	0 	0 	0 	1 	0 	0 	0 	0 	0 	0 	1.9459 		 	1.0000
48 	1 	0 	0 	0 	0 	0 	0 	0 	0 	0 	0 	1 	0 	0 	1 	0 	0 	0 	0 	0 	0 	1.9459 		 	1.0000
49 	1 	0 	0 	0 	0 	0 	0 	0 	0 	0 	0 	1 	0 	0 	1 	0 	0 	0 	0 	0 	0 	1.9459 		 	1.0000
50 	1 	0 	0 	0 	0 	0 	0 	0 	0 	0 	0 	1 	0 	0 	1 	0 	0 	0 	0 	0 	0 	1.9459 		 	1.0000
51 	1 	0 	0 	0 	0 	0 	0 	0 	0 	0 	0 	1 	0 	0 	1 	0 	0 	0 	0 	0 	0 	1.9459 		 	1.0000
52 	0 	0 	0 	1 	0 	0 	0 	0 	0 	0 	0 	1 	0 	0 	1 	0 	0 	0 	0 	0 	0 	1.9459 		 	1.0000
53 	0 	0 	0 	1 	0 	0 	0 	0 	0 	0 	0 	1 	0 	0 	1 	0 	0 	0 	0 	0 	0 	1.9459 		 	1.0000
54 	0 	0 	0 	1 	0 	0 	0 	0 	0 	0 	0 	1 	0 	0 	1 	0 	0 	0 	0 	0 	0 	1.9459 		 	1.0000
55 	0 	0 	0 	1 	0 	0 	0 	0 	0 	0 	0 	1 	0 	0 	1 	0 	0 	0 	0 	0 	0 	1.9459 		 	1.0000
56 	1 	0 	0 	0 	0 	0 	0 	0 	0 	0 	0 	1 	0 	0 	1 	0 	0 	0 	0 	0 	0 	1.9459 		 	1.0000
57 	1 	0 	0 	0 	0 	0 	0 	0 	0 	0 	0 	1 	0 	0 	1 	0 	0 	0 	0 	0 	0 	1.9459 		 	1.0000
58 	0 	1 	0 	0 	0 	0 	0 	0 	0 	0 	0 	1 	0 	0 	0 	0 	0 	0 	1 	0 	0 	1.9459 		 	1.0000
59 	0 	1 	0 	0 	0 	1 	0 	0 	0 	0 	0 	0 	0 	0 	0 	0 	0 	0 	1 	0 	0 	1.9459 		 	1.0000
60 	0 	1 	0 	0 	0 	1 	0 	0 	0 	0 	0 	0 	0 	0 	0 	0 	0 	0 	1 	0 	0 	1.9459 		 	1.0000
61 	1 	1 	0 	0 	0 	1 	0 	0 	0 	0 	0 	0 	0 	0 	0 	0 	0 	0 	0 	0 	0 	1.9459 		 	1.0000
62 	1 	1 	0 	0 	0 	1 	0 	0 	0 	0 	0 	0 	0 	0 	0 	0 	0 	0 	0 	0 	0 	1.9459 		 	1.0000
63 	1 	0 	0 	0 	0 	1 	0 	0 	0 	0 	0 	0 	0 	0 	0 	0 	0 	0 	0 	0 	1 	1.9459 		 	1.0000
64 	1 	0 	0 	0 	0 	0 	0 	0 	0 	0 	0 	1 	0 	0 	0 	0 	0 	0 	0 	0 	1 	1.9459 		 	1.0000
65 	1 	0 	0 	0 	0 	0 	0 	0 	0 	0 	0 	1 	0 	0 	0 	0 	0 	0 	0 	0 	1 	1.9459 		 	1.0000
66 	1 	0 	0 	0 	0 	0 	0 	0 	0 	0 	0 	1 	0 	0 	0 	0 	0 	0 	0 	0 	1 	1.9459 		 	1.0000
67 	1 	0 	0 	0 	0 	0 	0 	0 	0 	0 	0 	0 	0 	0 	0 	0 	0 	0 	0 	0 	2 	2.4080 		 	1.0000
68 	1 	0 	0 	0 	0 	0 	0 	0 	0 	0 	0 	0 	0 	0 	0 	0 	0 	0 	0 	0 	2 	2.4080 		 	1.0000
69 	1 	0 	0 	0 	0 	0 	0 	0 	0 	0 	0 	0 	0 	0 	0 	0 	0 	0 	0 	0 	2 	2.4080 		 	1.0000
70 	1 	0 	0 	0 	0 	0 	0 	0 	0 	0 	0 	0 	0 	0 	0 	0 	0 	0 	0 	0 	2 	2.4080 		 	1.0000
71 	1 	0 	0 	0 	0 	0 	0 	0 	0 	0 	0 	0 	0 	0 	0 	0 	0 	0 	0 	0 	2 	2.4080 		 	1.0000
72 	1 	0 	0 	0 	0 	0 	0 	0 	0 	0 	0 	0 	0 	0 	0 	0 	0 	0 	0 	0 	2 	2.4080 		 	1.0000
73 	1 	0 	0 	0 	0 	0 	0 	0 	0 	0 	0 	0 	0 	0 	0 	0 	0 	0 	0 	0 	2 	2.4080 		 	1.0000
74 	1 	0 	0 	0 	0 	0 	0 	0 	0 	0 	0 	0 	0 	0 	0 	0 	0 	0 	0 	0 	2 	2.4080 		 	1.0000
75 	1 	0 	0 	0 	0 	0 	0 	0 	0 	0 	0 	0 	0 	0 	0 	0 	0 	0 	0 	0 	2 	2.4080 		 	1.0000
76 	1 	0 	0 	0 	0 	0 	0 	0 	0 	0 	0 	0 	0 	0 	0 	0 	0 	0 	0 	0 	2 	2.4080 		 	1.0000
77 	1 	0 	0 	0 	0 	0 	0 	0 	0 	0 	0 	0 	0 	0 	0 	0 	0 	0 	0 	0 	2 	2.4080 		 	1.0000
78 	1 	0 	0 	0 	0 	0 	0 	0 	0 	0 	0 	0 	0 	0 	0 	0 	0 	0 	0 	0 	2 	2.4080 		 	1.0000
# End LogoData
